0 0.000000e+00 -4.661913e-19
1 0.000000e+00 2.980866e-20
2 3.020000e-11 3.654950e-20
3 6.040000e-11 4.329035e-20
4 9.060000e-11 5.003119e-20
5 1.208000e-10 5.677204e-20
6 1.510000e-10 6.351288e-20
7 1.812000e-10 7.025373e-20
8 2.114000e-10 7.699458e-20
9 2.416000e-10 8.373542e-20
10 2.718000e-10 9.047627e-20
11 3.020000e-10 9.721711e-20
12 3.322000e-10 1.039580e-19
13 3.624000e-10 1.106988e-19
14 3.926000e-10 1.174397e-19
15 4.228000e-10 1.241805e-19
16 4.530000e-10 1.309213e-19
17 4.832000e-10 1.376622e-19
18 5.134000e-10 1.444030e-19
19 5.436000e-10 1.511439e-19
20 5.738000e-10 1.578847e-19
21 6.040000e-10 1.646256e-19
22 6.342000e-10 1.713664e-19
23 6.644000e-10 1.781073e-19
24 6.946000e-10 1.848481e-19
25 7.248000e-10 1.915890e-19
26 7.550000e-10 1.983298e-19
27 7.852000e-10 2.050706e-19
28 8.154000e-10 2.118115e-19
29 8.456000e-10 2.185523e-19
30 8.758000e-10 2.252932e-19
31 9.060000e-10 2.320340e-19
32 9.362000e-10 2.387749e-19
33 9.664000e-10 2.455157e-19
34 9.966000e-10 2.522566e-19
35 1.026800e-09 2.589974e-19
36 1.057000e-09 2.657383e-19
37 1.087200e-09 2.724791e-19
38 1.117400e-09 2.792200e-19
39 1.147600e-09 2.859608e-19
40 1.177800e-09 2.927016e-19
41 1.208000e-09 2.994425e-19
42 1.238200e-09 3.061833e-19
43 1.268400e-09 3.129242e-19
44 1.298600e-09 3.196650e-19
45 1.328800e-09 3.264059e-19
46 1.359000e-09 3.331467e-19
47 1.389200e-09 3.398876e-19
48 1.419400e-09 3.466284e-19
49 1.449600e-09 3.533693e-19
50 1.479800e-09 3.601101e-19
51 1.510000e-09 3.668509e-19
52 1.540200e-09 3.735918e-19
53 1.570400e-09 3.803326e-19
54 1.600600e-09 3.870735e-19
55 1.630800e-09 3.938143e-19
56 1.661000e-09 4.005552e-19
57 1.691200e-09 4.072960e-19
58 1.721400e-09 4.140369e-19
59 1.751600e-09 4.207777e-19
60 1.781800e-09 4.275186e-19
61 1.812000e-09 4.342594e-19
62 1.842200e-09 4.410003e-19
63 1.872400e-09 4.477411e-19
64 1.902600e-09 4.544819e-19
65 1.932800e-09 4.612228e-19
66 1.963000e-09 4.679636e-19
67 1.993200e-09 4.747045e-19
68 2.023400e-09 -1.792510e-20
