2.966903	0.345508
2.965942	0.345186
2.964982	0.344867
2.964021	0.344551
2.963061	0.344238
2.962100	0.343927
2.961140	0.34362
2.960179	0.343315
2.959219	0.343013
2.958258	0.342713
2.957298	0.342417
2.956337	0.342123
2.955377	0.341833
2.954416	0.341545
2.953456	0.341259
2.952495	0.340977
2.951535	0.340697
2.950574	0.340421
2.949614	0.340147
2.948653	0.339876
2.947693	0.339607
2.946732	0.339342
2.945772	0.339079
2.944811	0.338819
2.943851	0.338562
2.942890	0.338307
2.941929	0.338056
2.940969	0.337807
2.940008	0.337561
2.939048	0.337318
2.938087	0.337077
2.937127	0.33684
2.936166	0.336605
2.935206	0.336373
2.934245	0.336143
2.933285	0.335917
2.932324	0.335693
2.931364	0.335472
2.930403	0.335254
2.929443	0.335039
2.928482	0.334826
2.927522	0.334616
2.926561	0.334409
2.925601	0.334205
2.924640	0.334003
2.923680	0.333804
2.922719	0.333608
2.921759	0.333415
2.920798	0.333225
2.919838	0.333037
2.918877	0.332852
2.917916	0.33267
2.916956	0.332491
2.915995	0.332315
2.915035	0.332141
2.914074	0.33197
2.913114	0.331802
2.912153	0.331636
2.911193	0.331474
2.910232	0.331314
2.909272	0.331157
2.908311	0.331002
2.907351	0.330851
2.906390	0.330702
2.905430	0.330556
2.904469	0.330413
2.903509	0.330272
2.902548	0.330135
2.901588	0.33
2.900627	0.329868
2.899667	0.329739
2.898706	0.329612
2.897746	0.329488
2.896785	0.329367
2.895825	0.329249
2.894864	0.329134
2.893903	0.329021
2.892943	0.328912
2.891982	0.328805
2.891022	0.328701
2.890061	0.328599
2.889101	0.328501
2.888140	0.328405
2.887180	0.328312
2.886219	0.328222
2.885259	0.328134
2.884298	0.32805
2.883338	0.327968
2.882377	0.327889
2.881417	0.327813
2.880456	0.32774
2.879496	0.327669
2.878535	0.327602
2.877575	0.327537
2.876614	0.327475
2.875654	0.327416
2.874693	0.327359
2.873733	0.327306
2.872772	0.327255
2.871812	0.327207
2.870851	0.327162
2.869890	0.32712
2.868930	0.327081
2.867969	0.327044
2.867009	0.327011
2.866048	0.32698
2.865088	0.326952
2.864127	0.326927
2.863167	0.326905
2.862206	0.326885
2.861246	0.326869
2.860285	0.326855
2.859325	0.326845
2.858364	0.326837
2.857404	0.326832
2.856443	0.32683
2.855483	0.326831
2.854522	0.326834
2.853562	0.326841
2.852601	0.326851
2.851641	0.326863
2.850680	0.326878
2.849720	0.326897
2.848759	0.326918
2.847799	0.326942
2.846838	0.326969
2.845878	0.326999
2.844917	0.327032
2.843956	0.327067
2.842996	0.327106
2.842035	0.327148
2.841075	0.327192
2.840114	0.32724
2.839154	0.327291
2.838193	0.327344
2.837233	0.327401
2.836272	0.32746
2.835312	0.327522
2.834351	0.327588
2.833391	0.327656
2.832430	0.327728
2.831470	0.327802
2.830509	0.327879
2.829549	0.32796
2.828588	0.328043
2.827628	0.328129
2.826667	0.328219
2.825707	0.328311
2.824746	0.328407
2.823786	0.328505
2.822825	0.328607
2.821865	0.328711
2.820904	0.328819
2.819943	0.32893
2.818983	0.329043
2.818022	0.32916
2.817062	0.32928
2.816101	0.329403
2.815141	0.329529
2.814180	0.329658
2.813220	0.329791
2.812259	0.329926
2.811299	0.330064
2.810338	0.330206
2.809378	0.330351
2.808417	0.330499
2.807457	0.33065
2.806496	0.330804
2.805536	0.330961
2.804575	0.331121
2.803615	0.331285
2.802654	0.331452
2.801694	0.331621
2.800733	0.331794
2.799773	0.331971
2.798812	0.33215
2.797852	0.332333
2.796891	0.332519
2.795930	0.332708
2.794970	0.3329
2.794009	0.333095
2.793049	0.333294
2.792088	0.333496
2.791128	0.333701
2.790167	0.33391
2.789207	0.334121
2.788246	0.334336
2.787286	0.334554
2.786325	0.334776
2.785365	0.335001
2.784404	0.335229
2.783444	0.33546
2.782483	0.335695
2.781523	0.335933
2.780562	0.336174
2.779602	0.336419
2.778641	0.336666
2.777681	0.336918
2.776720	0.337172
2.775760	0.33743
2.774799	0.337692
2.773839	0.337956
2.772878	0.338224
2.771917	0.338496
2.770957	0.338771
2.769996	0.339049
2.769036	0.33933
2.768075	0.339615
2.767115	0.339904
2.766154	0.340196
2.765194	0.340491
2.764233	0.34079
2.763273	0.341092
2.762312	0.341397
2.761352	0.341706
2.760391	0.342019
2.759431	0.342335
2.758470	0.342654
2.757510	0.342977
2.756549	0.343303
2.755589	0.343633
2.754628	0.343967
2.753668	0.344304
2.752707	0.344644
2.751747	0.344988
2.750786	0.345336
2.749826	0.345687
2.748865	0.346041
2.747904	0.346399
2.746944	0.346761
2.745983	0.347126
2.745023	0.347495
2.744062	0.347867
2.743102	0.348243
2.742141	0.348622
2.741181	0.349006
2.740220	0.349392
2.739260	0.349783
2.738299	0.350176
2.737339	0.350574
2.736378	0.350975
2.735418	0.35138
2.734457	0.351788
2.733497	0.3522
2.732536	0.352616
2.731576	0.353035
2.730615	0.353458
2.729655	0.353884
2.728694	0.354315
2.727734	0.354748
2.726773	0.355186
2.725813	0.355627
2.724852	0.356072
2.723891	0.356521
2.722931	0.356973
2.721970	0.357429
2.721010	0.357888
2.720049	0.358352
2.719089	0.358819
2.718128	0.359289
2.717168	0.359764
2.716207	0.360242
2.715247	0.360724
2.714286	0.361209
2.713326	0.361698
2.712365	0.362191
2.711405	0.362688
2.710444	0.363188
2.709484	0.363692
2.708523	0.3642
2.707563	0.364711
2.706602	0.365226
2.705642	0.365745
2.704681	0.366268
2.703721	0.366794
2.702760	0.367324
2.701800	0.367858
2.700839	0.368395
2.699878	0.368936
2.698918	0.369481
2.697957	0.370029
2.696997	0.370581
2.696036	0.371137
2.695076	0.371697
2.694115	0.37226
2.693155	0.372827
2.692194	0.373398
2.691234	0.373972
2.690273	0.37455
2.689313	0.375131
2.688352	0.375717
2.687392	0.376305
2.686431	0.376898
2.685471	0.377494
2.684510	0.378094
2.683550	0.378697
2.682589	0.379304
2.681629	0.379915
2.680668	0.380529
2.679708	0.381146
2.678747	0.381768
2.677787	0.382392
2.676826	0.383021
2.675865	0.383653
2.674905	0.384288
2.673944	0.384927
2.672984	0.385569
2.672023	0.386215
2.671063	0.386864
2.670102	0.387517
2.669142	0.388173
2.668181	0.388832
2.667221	0.389495
2.666260	0.390161
2.665300	0.390831
2.664339	0.391504
2.663379	0.39218
2.662418	0.392859
2.661458	0.393542
2.660497	0.394228
2.659537	0.394917
2.658576	0.395609
2.657616	0.396305
2.656655	0.397003
2.655695	0.397705
2.654734	0.39841
2.653774	0.399118
2.652813	0.399828
2.651853	0.400542
2.650892	0.401259
2.649931	0.401978
2.648971	0.402701
2.648010	0.403426
2.647050	0.404154
2.646089	0.404885
2.645129	0.405618
2.644168	0.406355
2.643208	0.407094
2.642247	0.407835
2.641287	0.408579
2.640326	0.409326
2.639366	0.410075
2.638405	0.410826
2.637445	0.41158
2.636484	0.412336
2.635524	0.413095
2.634563	0.413855
2.633603	0.414618
2.632642	0.415383
2.631682	0.41615
2.630721	0.416919
2.629761	0.41769
2.628800	0.418463
2.627840	0.419238
2.626879	0.420015
2.625918	0.420793
2.624958	0.421573
2.623997	0.422354
2.623037	0.423137
2.622076	0.423921
2.621116	0.424707
2.620155	0.425494
2.619195	0.426282
2.618234	0.427072
2.617274	0.427862
2.616313	0.428654
2.615353	0.429446
2.614392	0.430239
2.613432	0.431033
2.612471	0.431828
2.611511	0.432623
2.610550	0.433419
2.609590	0.434215
2.608629	0.435011
2.607669	0.435808
2.606708	0.436605
2.605748	0.437402
2.604787	0.438198
2.603827	0.438995
2.602866	0.439791
2.601905	0.440587
2.600945	0.441382
2.599984	0.442177
2.599024	0.442971
2.598063	0.443764
2.597103	0.444556
2.596142	0.445347
2.595182	0.446137
2.594221	0.446926
2.593261	0.447713
2.592300	0.448499
2.591340	0.449283
2.590379	0.450066
2.589419	0.450846
2.588458	0.451624
2.587498	0.452401
2.586537	0.453174
2.585577	0.453946
2.584616	0.454715
2.583656	0.455481
2.582695	0.456244
2.581735	0.457004
2.580774	0.457761
2.579814	0.458515
2.578853	0.459265
2.577892	0.460011
2.576932	0.460754
2.575971	0.461493
2.575011	0.462228
2.574050	0.462958
2.573090	0.463684
2.572129	0.464406
2.571169	0.465122
2.570208	0.465834
2.569248	0.466541
2.568287	0.467242
2.567327	0.467938
2.566366	0.468628
2.565406	0.469313
2.564445	0.469991
2.563485	0.470664
2.562524	0.47133
2.561564	0.471989
2.560603	0.472642
2.559643	0.473288
2.558682	0.473926
2.557722	0.474558
2.556761	0.475182
2.555801	0.475798
2.554840	0.476407
2.553879	0.477007
2.552919	0.477599
2.551958	0.478183
2.550998	0.478758
2.550037	0.479324
2.549077	0.479881
2.548116	0.480429
2.547156	0.480968
2.546195	0.481496
2.545235	0.482015
2.544274	0.482524
2.543314	0.483022
2.542353	0.48351
2.541393	0.483987
2.540432	0.484453
2.539472	0.484909
2.538511	0.485352
2.537551	0.485784
2.536590	0.486205
2.535630	0.486613
2.534669	0.48701
2.533709	0.487394
2.532748	0.487765
2.531788	0.488123
2.530827	0.488469
2.529866	0.488801
2.528906	0.48912
2.527945	0.489425
2.526985	0.489716
2.526024	0.489993
2.525064	0.490256
2.524103	0.490504
2.523143	0.490738
2.522182	0.490957
2.521222	0.491161
2.520261	0.491349
2.519301	0.491522
2.518340	0.491679
2.517380	0.491821
2.516419	0.491946
2.515459	0.492055
2.514498	0.492148
2.513538	0.492224
2.512577	0.492284
2.511617	0.492326
2.510656	0.492351
2.509696	0.492359
2.508735	0.492349
2.507775	0.492322
2.506814	0.492277
2.505853	0.492214
2.504893	0.492133
2.503932	0.492033
2.502972	0.491915
2.502011	0.491779
2.501051	0.491624
2.500090	0.491449
2.499130	0.491256
2.498169	0.491044
2.497209	0.490812
2.496248	0.490562
2.495288	0.490291
2.494327	0.490001
2.493367	0.489691
2.492406	0.489362
2.491446	0.489012
2.490485	0.488643
2.489525	0.488253
2.488564	0.487844
2.487604	0.487414
2.486643	0.486963
2.485683	0.486493
2.484722	0.486002
2.483762	0.48549
2.482801	0.484958
2.481840	0.484405
2.480880	0.483832
2.479919	0.483238
2.478959	0.482623
2.477998	0.481988
2.477038	0.481332
2.476077	0.480655
2.475117	0.479958
2.474156	0.47924
2.473196	0.478501
2.472235	0.477741
2.471275	0.476961
2.470314	0.476161
2.469354	0.475339
2.468393	0.474498
2.467433	0.473636
2.466472	0.472753
2.465512	0.47185
2.464551	0.470927
2.463591	0.469984
2.462630	0.46902
2.461670	0.468037
2.460709	0.467034
2.459749	0.466011
2.458788	0.464968
2.457828	0.463905
2.456867	0.462824
2.455906	0.461722
2.454946	0.460602
2.453985	0.459463
2.453025	0.458305
2.452064	0.457128
2.451104	0.455932
2.450143	0.454718
2.449183	0.453486
2.448222	0.452236
2.447262	0.450967
2.446301	0.449681
2.445341	0.448378
2.444380	0.447057
2.443420	0.44572
2.442459	0.444365
2.441499	0.442993
2.440538	0.441606
2.439578	0.440201
2.438617	0.438781
2.437657	0.437345
2.436696	0.435894
2.435736	0.434427
2.434775	0.432945
2.433815	0.431448
2.432854	0.429937
2.431893	0.428411
2.430933	0.426871
2.429972	0.425318
2.429012	0.42375
2.428051	0.42217
2.427091	0.420576
2.426130	0.41897
2.425170	0.417351
2.424209	0.415721
2.423249	0.414078
2.422288	0.412423
2.421328	0.410757
2.420367	0.409081
2.419407	0.407393
2.418446	0.405695
2.417486	0.403986
2.416525	0.402268
2.415565	0.40054
2.414604	0.398802
2.413644	0.397056
2.412683	0.395301
2.411723	0.393537
2.410762	0.391765
2.409802	0.389986
2.408841	0.388198
2.407880	0.386404
2.406920	0.384602
2.405959	0.382794
2.404999	0.380979
2.404038	0.379158
2.403078	0.377331
2.402117	0.375499
2.401157	0.373661
2.400196	0.371819
2.399236	0.369972
2.398275	0.36812
2.397315	0.366264
2.396354	0.364404
2.395394	0.362541
2.394433	0.360674
2.393473	0.358805
2.392512	0.356932
2.391552	0.355057
2.390591	0.35318
2.389631	0.351301
2.388670	0.34942
2.387710	0.347538
2.386749	0.345655
2.385789	0.34377
2.384828	0.341885
2.383867	0.34
2.382907	0.338114
2.381946	0.336228
2.380986	0.334343
2.380025	0.332458
2.379065	0.330574
2.378104	0.328691
2.377144	0.326809
2.376183	0.324929
2.375223	0.32305
2.374262	0.321174
2.373302	0.319299
2.372341	0.317426
2.371381	0.315556
2.370420	0.313689
2.369460	0.311825
2.368499	0.309964
2.367539	0.308106
2.366578	0.306251
2.365618	0.304401
2.364657	0.302554
2.363697	0.300711
2.362736	0.298872
2.361776	0.297038
2.360815	0.295208
2.359854	0.293383
2.358894	0.291563
2.357933	0.289748
2.356973	0.287938
2.356012	0.286133
2.355052	0.284334
2.354091	0.28254
2.353131	0.280753
2.352170	0.278971
2.351210	0.277195
2.350249	0.275425
2.349289	0.273661
2.348328	0.271904
2.347368	0.270153
2.346407	0.268409
2.345447	0.266671
2.344486	0.264941
2.343526	0.263217
2.342565	0.2615
2.341605	0.259791
2.340644	0.258089
2.339684	0.256394
2.338723	0.254706
2.337763	0.253026
2.336802	0.251353
2.335841	0.249688
2.334881	0.248031
2.333920	0.246381
2.332960	0.24474
2.331999	0.243106
2.331039	0.24148
2.330078	0.239862
2.329118	0.238253
2.328157	0.236651
2.327197	0.235058
2.326236	0.233473
2.325276	0.231896
2.324315	0.230328
2.323355	0.228768
2.322394	0.227216
2.321434	0.225673
2.320473	0.224138
2.319513	0.222612
2.318552	0.221094
2.317592	0.219585
2.316631	0.218085
2.315671	0.216593
2.314710	0.21511
2.313750	0.213635
2.312789	0.212169
2.311828	0.210712
2.310868	0.209264
2.309907	0.207824
2.308947	0.206393
2.307986	0.204971
2.307026	0.203557
2.306065	0.202153
2.305105	0.200757
2.304144	0.199369
2.303184	0.197991
2.302223	0.196621
2.301263	0.19526
2.300302	0.193908
2.299342	0.192564
2.298381	0.191229
2.297421	0.189903
2.296460	0.188586
2.295500	0.187277
2.294539	0.185977
2.293579	0.184685
2.292618	0.183403
2.291658	0.182128
2.290697	0.180863
2.289737	0.179606
2.288776	0.178357
2.287815	0.177117
2.286855	0.175886
2.285894	0.174663
2.284934	0.173448
2.283973	0.172242
2.283013	0.171045
2.282052	0.169855
2.281092	0.168675
2.280131	0.167502
2.279171	0.166338
2.278210	0.165182
2.277250	0.164034
2.276289	0.162894
2.275329	0.161763
2.274368	0.160639
2.273408	0.159524
2.272447	0.158417
2.271487	0.157318
2.270526	0.156226
2.269566	0.155143
2.268605	0.154068
2.267645	0.153
2.266684	0.151941
2.265724	0.150889
2.264763	0.149845
2.263803	0.148808
2.262842	0.14778
2.261881	0.146759
2.260921	0.145745
2.259960	0.144739
2.259000	0.143741
2.258039	0.14275
2.257079	0.141766
2.256118	0.14079
2.255158	0.139822
2.254197	0.13886
2.253237	0.137906
2.252276	0.136959
2.251316	0.136019
2.250355	0.135087
2.249395	0.134161
2.248434	0.133242
2.247474	0.132331
2.246513	0.131426
2.245553	0.130529
2.244592	0.129638
2.243632	0.128754
2.242671	0.127877
2.241711	0.127006
2.240750	0.126143
2.239790	0.125286
2.238829	0.124435
2.237868	0.123591
2.236908	0.122754
2.235947	0.121923
2.234987	0.121099
2.234026	0.12028
2.233066	0.119469
2.232105	0.118663
2.231145	0.117864
2.230184	0.117071
2.229224	0.116284
2.228263	0.115504
2.227303	0.114729
2.226342	0.11396
2.225382	0.113198
2.224421	0.112441
2.223461	0.111691
2.222500	0.110946
2.221540	0.110207
2.220579	0.109473
2.219619	0.108746
2.218658	0.108024
2.217698	0.107308
2.216737	0.106597
2.215777	0.105892
2.214816	0.105193
2.213855	0.104499
2.212895	0.103811
2.211934	0.103127
2.210974	0.10245
2.210013	0.101777
2.209053	0.10111
2.208092	0.100448
2.207132	0.0997915
2.206171	0.09914
2.205211	0.0984936
2.204250	0.0978522
2.203290	0.0972159
2.202329	0.0965846
2.201369	0.0959583
2.200408	0.0953369
2.199448	0.0947203
2.198487	0.0941087
2.197527	0.0935018
2.196566	0.0928997
2.195606	0.0923023
2.194645	0.0917097
2.193685	0.0911217
2.192724	0.0905383
2.191764	0.0899595
2.190803	0.0893852
2.189842	0.0888154
2.188882	0.0882502
2.187921	0.0876893
2.186961	0.0871329
2.186000	0.0865808
2.185040	0.0860331
2.184079	0.0854897
2.183119	0.0849505
2.182158	0.0844156
2.181198	0.0838848
2.180237	0.0833582
2.179277	0.0828358
2.178316	0.0823174
2.177356	0.0818031
2.176395	0.0812928
2.175435	0.0807865
2.174474	0.0802842
2.173514	0.0797858
2.172553	0.0792913
2.171593	0.0788006
2.170632	0.0783138
2.169672	0.0778308
2.168711	0.0773516
2.167751	0.0768761
2.166790	0.0764043
2.165829	0.0759361
2.164869	0.0754717
2.163908	0.0750108
2.162948	0.0745535
2.161987	0.0740998
2.161027	0.0736496
2.160066	0.0732029
2.159106	0.0727597
2.158145	0.0723199
2.157185	0.0718835
2.156224	0.0714506
2.155264	0.0710209
2.154303	0.0705946
2.153343	0.0701716
2.152382	0.0697519
2.151422	0.0693354
2.150461	0.0689221
2.149501	0.068512
2.148540	0.0681051
2.147580	0.0677013
2.146619	0.0673006
2.145659	0.0669031
2.144698	0.0665085
2.143738	0.066117
2.142777	0.0657286
2.141816	0.0653431
2.140856	0.0649605
2.139895	0.0645809
2.138935	0.0642042
2.137974	0.0638304
2.137014	0.0634595
2.136053	0.0630914
2.135093	0.0627261
2.134132	0.0623636
2.133172	0.0620038
2.132211	0.0616468
2.131251	0.0612926
2.130290	0.060941
2.129330	0.0605921
2.128369	0.0602459
2.127409	0.0599023
2.126448	0.0595613
2.125488	0.0592229
2.124527	0.058887
2.123567	0.0585537
2.122606	0.0582229
2.121646	0.0578947
2.120685	0.0575689
2.119725	0.0572455
2.118764	0.0569246
2.117803	0.0566062
2.116843	0.0562901
2.115882	0.0559764
2.114922	0.0556651
2.113961	0.0553561
2.113001	0.0550494
2.112040	0.0547451
2.111080	0.054443
2.110119	0.0541432
2.109159	0.0538456
2.108198	0.0535503
2.107238	0.0532571
2.106277	0.0529662
2.105317	0.0526774
2.104356	0.0523908
2.103396	0.0521063
2.102435	0.051824
2.101475	0.0515437
2.100514	0.0512655
2.099554	0.0509894
2.098593	0.0507153
2.097633	0.0504433
2.096672	0.0501733
2.095712	0.0499053
2.094751	0.0496393
2.093790	0.0493752
2.092830	0.0491131
2.091869	0.0488529
2.090909	0.0485946
2.089948	0.0483383
2.088988	0.0480838
2.088027	0.0478312
2.087067	0.0475804
2.086106	0.0473315
2.085146	0.0470845
2.084185	0.0468392
2.083225	0.0465957
2.082264	0.046354
2.081304	0.0461141
2.080343	0.045876
2.079383	0.0456395
2.078422	0.0454048
2.077462	0.0451718
2.076501	0.0449405
2.075541	0.0447109
2.074580	0.044483
2.073620	0.0442567
2.072659	0.044032
2.071699	0.043809
2.070738	0.0435876
2.069778	0.0433678
2.068817	0.0431496
2.067856	0.042933
2.066896	0.0427179
2.065935	0.0425044
2.064975	0.0422924
2.064014	0.0420819
2.063054	0.041873
2.062093	0.0416656
2.061133	0.0414596
2.060172	0.0412552
2.059212	0.0410522
2.058251	0.0408506
2.057291	0.0406505
2.056330	0.0404518
2.055370	0.0402546
2.054409	0.0400587
2.053449	0.0398643
2.052488	0.0396713
2.051528	0.0394796
2.050567	0.0392893
2.049607	0.0391003
2.048646	0.0389127
2.047686	0.0387264
2.046725	0.0385414
2.045765	0.0383578
2.044804	0.0381754
2.043843	0.0379944
2.042883	0.0378146
2.041922	0.0376361
2.040962	0.0374589
2.040001	0.0372829
2.039041	0.0371081
2.038080	0.0369346
2.037120	0.0367623
2.036159	0.0365912
2.035199	0.0364213
2.034238	0.0362526
2.033278	0.0360851
2.032317	0.0359188
2.031357	0.0357537
2.030396	0.0355897
2.029436	0.0354268
2.028475	0.0352651
2.027515	0.0351045
2.026554	0.034945
2.025594	0.0347867
2.024633	0.0346294
2.023673	0.0344733
2.022712	0.0343182
2.021752	0.0341642
2.020791	0.0340113
2.019830	0.0338595
2.018870	0.0337087
2.017909	0.0335589
2.016949	0.0334102
2.015988	0.0332626
2.015028	0.0331159
2.014067	0.0329703
2.013107	0.0328256
2.012146	0.032682
2.011186	0.0325394
2.010225	0.0323977
2.009265	0.032257
2.008304	0.0321173
2.007344	0.0319786
2.006383	0.0318408
2.005423	0.0317039
2.004462	0.031568
2.003502	0.0314331
2.002541	0.031299
2.001581	0.0311659
2.000620	0.0310337
1.999660	0.0309024
1.998699	0.030772
1.997739	0.0306425
1.996778	0.0305139
1.995817	0.0303862
1.994857	0.0302593
1.993896	0.0301333
1.992936	0.0300082
1.991975	0.0298839
1.991015	0.0297605
1.990054	0.0296379
1.989094	0.0295161
1.988133	0.0293952
1.987173	0.0292751
1.986212	0.0291558
1.985252	0.0290374
1.984291	0.0289197
1.983331	0.0288028
1.982370	0.0286868
1.981410	0.0285715
1.980449	0.028457
1.979489	0.0283433
1.978528	0.0282303
1.977568	0.0281181
1.976607	0.0280067
1.975647	0.027896
1.974686	0.0277861
1.973726	0.0276769
1.972765	0.0275685
1.971804	0.0274608
1.970844	0.0273538
1.969883	0.0272476
1.968923	0.027142
1.967962	0.0270372
1.967002	0.0269331
1.966041	0.0268297
1.965081	0.026727
1.964120	0.0266249
1.963160	0.0265236
1.962199	0.026423
1.961239	0.026323
1.960278	0.0262237
1.959318	0.0261251
1.958357	0.0260271
1.957397	0.0259298
1.956436	0.0258332
1.955476	0.0257372
1.954515	0.0256418
1.953555	0.0255471
1.952594	0.025453
1.951634	0.0253596
1.950673	0.0252668
1.949713	0.0251746
1.948752	0.025083
1.947791	0.0249921
1.946831	0.0249018
1.945870	0.024812
1.944910	0.0247229
1.943949	0.0246344
1.942989	0.0245465
1.942028	0.0244591
1.941068	0.0243724
1.940107	0.0242862
1.939147	0.0242006
1.938186	0.0241156
1.937226	0.0240311
1.936265	0.0239473
1.935305	0.023864
1.934344	0.0237812
1.933384	0.023699
1.932423	0.0236174
1.931463	0.0235363
1.930502	0.0234557
1.929542	0.0233757
1.928581	0.0232963
1.927621	0.0232173
1.926660	0.0231389
1.925700	0.0230611
1.924739	0.0229837
1.923778	0.0229069
1.922818	0.0228306
1.921857	0.0227548
1.920897	0.0226795
1.919936	0.0226047
1.918976	0.0225305
1.918015	0.0224567
1.917055	0.0223834
1.916094	0.0223107
1.915134	0.0222384
1.914173	0.0221666
1.913213	0.0220953
1.912252	0.0220244
1.911292	0.0219541
1.910331	0.0218842
1.909371	0.0218148
1.908410	0.0217459
1.907450	0.0216774
1.906489	0.0216095
1.905529	0.0215419
1.904568	0.0214748
1.903608	0.0214082
1.902647	0.0213421
1.901687	0.0212763
1.900726	0.0212111
1.899765	0.0211463
1.898805	0.0210819
1.897844	0.0210179
1.896884	0.0209544
1.895923	0.0208914
1.894963	0.0208287
1.894002	0.0207665
1.893042	0.0207047
1.892081	0.0206434
1.891121	0.0205824
1.890160	0.0205219
1.889200	0.0204618
1.888239	0.0204021
1.887279	0.0203429
1.886318	0.020284
1.885358	0.0202255
1.884397	0.0201675
1.883437	0.0201098
1.882476	0.0200525
1.881516	0.0199957
1.880555	0.0199392
1.879595	0.0198831
1.878634	0.0198275
1.877674	0.0197722
1.876713	0.0197173
1.875752	0.0196627
1.874792	0.0196086
1.873831	0.0195548
1.872871	0.0195014
1.871910	0.0194484
1.870950	0.0193958
1.869989	0.0193435
1.869029	0.0192916
1.868068	0.0192401
1.867108	0.0191889
1.866147	0.0191381
1.865187	0.0190876
1.864226	0.0190375
1.863266	0.0189878
1.862305	0.0189384
1.861345	0.0188894
1.860384	0.0188407
1.859424	0.0187924
1.858463	0.0187444
1.857503	0.0186968
1.856542	0.0186495
1.855582	0.0186025
1.854621	0.0185559
1.853661	0.0185097
1.852700	0.0184637
1.851740	0.0184181
1.850779	0.0183728
1.849818	0.0183279
1.848858	0.0182833
1.847897	0.018239
1.846937	0.018195
1.845976	0.0181514
1.845016	0.0181081
1.844055	0.0180651
1.843095	0.0180224
1.842134	0.01798
1.841174	0.017938
1.840213	0.0178963
1.839253	0.0178549
1.838292	0.0178137
1.837332	0.0177729
1.836371	0.0177325
1.835411	0.0176923
1.834450	0.0176524
1.833490	0.0176128
1.832529	0.0175735
1.831569	0.0175346
1.830608	0.0174959
1.829648	0.0174575
1.828687	0.0174194
1.827727	0.0173816
1.826766	0.0173441
1.825805	0.0173069
1.824845	0.01727
1.823884	0.0172334
1.822924	0.0171971
1.821963	0.017161
1.821003	0.0171252
1.820042	0.0170897
1.819082	0.0170545
1.818121	0.0170196
1.817161	0.016985
1.816200	0.0169506
1.815240	0.0169165
1.814279	0.0168827
1.813319	0.0168492
1.812358	0.0168159
1.811398	0.0167829
1.810437	0.0167502
1.809477	0.0167177
1.808516	0.0166855
1.807556	0.0166536
1.806595	0.016622
1.805635	0.0165906
1.804674	0.0165595
1.803714	0.0165286
1.802753	0.016498
1.801792	0.0164677
1.800832	0.0164376
1.799871	0.0164078
1.798911	0.0163782
1.797950	0.0163489
1.796990	0.0163198
1.796029	0.016291
1.795069	0.0162625
1.794108	0.0162342
1.793148	0.0162061
1.792187	0.0161783
1.791227	0.0161508
1.790266	0.0161234
1.789306	0.0160964
1.788345	0.0160696
1.787385	0.016043
1.786424	0.0160167
1.785464	0.0159906
1.784503	0.0159647
1.783543	0.0159391
1.782582	0.0159138
1.781622	0.0158886
1.780661	0.0158638
1.779701	0.0158391
1.778740	0.0158147
1.777779	0.0157905
1.776819	0.0157666
1.775858	0.0157428
1.774898	0.0157194
1.773937	0.0156961
1.772977	0.0156731
1.772016	0.0156503
1.771056	0.0156277
1.770095	0.0156054
1.769135	0.0155833
1.768174	0.0155614
1.767214	0.0155397
1.766253	0.0155183
1.765293	0.0154971
1.764332	0.0154761
1.763372	0.0154553
1.762411	0.0154347
1.761451	0.0154144
1.760490	0.0153943
1.759530	0.0153744
1.758569	0.0153547
1.757609	0.0153352
1.756648	0.015316
1.755688	0.015297
1.754727	0.0152782
1.753766	0.0152595
1.752806	0.0152412
1.751845	0.015223
1.750885	0.015205
1.749924	0.0151872
1.748964	0.0151697
1.748003	0.0151523
1.747043	0.0151352
1.746082	0.0151183
1.745122	0.0151016
1.744161	0.015085
1.743201	0.0150687
1.742240	0.0150526
1.741280	0.0150367
1.740319	0.015021
1.739359	0.0150055
1.738398	0.0149902
1.737438	0.0149751
1.736477	0.0149602
1.735517	0.0149455
1.734556	0.014931
1.733596	0.0149167
1.732635	0.0149025
1.731675	0.0148886
1.730714	0.0148749
1.729753	0.0148614
1.728793	0.014848
1.727832	0.0148349
1.726872	0.0148219
1.725911	0.0148092
1.724951	0.0147966
1.723990	0.0147842
1.723030	0.014772
1.722069	0.01476
1.721109	0.0147482
1.720148	0.0147365
1.719188	0.0147251
1.718227	0.0147138
1.717267	0.0147027
1.716306	0.0146918
1.715346	0.0146811
1.714385	0.0146706
1.713425	0.0146602
1.712464	0.01465
1.711504	0.01464
1.710543	0.0146302
1.709583	0.0146206
1.708622	0.0146111
1.707662	0.0146018
1.706701	0.0145927
1.705740	0.0145837
1.704780	0.0145749
1.703819	0.0145663
1.702859	0.0145579
1.701898	0.0145496
1.700938	0.0145416
1.699977	0.0145336
1.699017	0.0145259
1.698056	0.0145183
1.697096	0.0145108
1.696135	0.0145036
1.695175	0.0144965
1.694214	0.0144895
1.693254	0.0144828
1.692293	0.0144762
1.691333	0.0144697
1.690372	0.0144634
1.689412	0.0144573
1.688451	0.0144513
1.687491	0.0144454
1.686530	0.0144398
1.685570	0.0144342
1.684609	0.0144289
1.683649	0.0144236
1.682688	0.0144186
1.681727	0.0144137
1.680767	0.0144089
1.679806	0.0144042
1.678846	0.0143998
1.677885	0.0143954
1.676925	0.0143912
1.675964	0.0143872
1.675004	0.0143832
1.674043	0.0143795
1.673083	0.0143758
1.672122	0.0143723
1.671162	0.0143689
1.670201	0.0143657
1.669241	0.0143626
1.668280	0.0143596
1.667320	0.0143567
1.666359	0.014354
1.665399	0.0143514
1.664438	0.0143489
1.663478	0.0143466
1.662517	0.0143443
1.661557	0.0143422
1.660596	0.0143402
1.659636	0.0143383
1.658675	0.0143366
1.657715	0.0143349
1.656754	0.0143334
1.655793	0.0143319
1.654833	0.0143306
1.653872	0.0143293
1.652912	0.0143282
1.651951	0.0143272
1.650991	0.0143263
1.650030	0.0143254
1.649070	0.0143247
1.648109	0.0143241
1.647149	0.0143235
1.646188	0.014323
1.645228	0.0143227
1.644267	0.0143224
1.643307	0.0143221
1.642346	0.014322
1.641386	0.0143219
1.640425	0.014322
1.639465	0.014322
1.638504	0.0143222
1.637544	0.0143224
1.636583	0.0143227
1.635623	0.0143231
1.634662	0.0143235
1.633702	0.0143239
1.632741	0.0143244
1.631780	0.014325
1.630820	0.0143256
1.629859	0.0143263
1.628899	0.014327
1.627938	0.0143277
1.626978	0.0143285
1.626017	0.0143293
1.625057	0.0143301
1.624096	0.014331
1.623136	0.0143318
1.622175	0.0143327
1.621215	0.0143337
1.620254	0.0143346
1.619294	0.0143355
1.618333	0.0143365
1.617373	0.0143374
1.616412	0.0143383
1.615452	0.0143393
1.614491	0.0143402
1.613531	0.0143411
1.612570	0.014342
1.611610	0.0143428
1.610649	0.0143437
1.609689	0.0143445
1.608728	0.0143453
1.607767	0.014346
1.606807	0.0143467
1.605846	0.0143473
1.604886	0.0143479
1.603925	0.0143485
1.602965	0.0143489
1.602004	0.0143493
1.601044	0.0143497
1.600083	0.0143499
1.599123	0.0143501
1.598162	0.0143502
1.597202	0.0143502
1.596241	0.0143501
1.595281	0.0143499
1.594320	0.0143496
1.593360	0.0143492
1.592399	0.0143486
1.591439	0.014348
1.590478	0.0143472
1.589518	0.0143463
1.588557	0.0143452
1.587597	0.014344
1.586636	0.0143427
1.585676	0.0143412
1.584715	0.0143395
1.583754	0.0143376
1.582794	0.0143356
1.581833	0.0143334
1.580873	0.014331
1.579912	0.0143285
1.578952	0.0143257
1.577991	0.0143227
1.577031	0.0143195
1.576070	0.0143161
1.575110	0.0143125
1.574149	0.0143086
1.573189	0.0143045
1.572228	0.0143001
1.571268	0.0142955
1.570307	0.0142907
1.569347	0.0142855
1.568386	0.0142801
1.567426	0.0142744
1.566465	0.0142685
1.565505	0.0142622
1.564544	0.0142557
1.563584	0.0142488
1.562623	0.0142416
1.561663	0.0142341
1.560702	0.0142263
1.559741	0.0142181
1.558781	0.0142096
1.557820	0.0142007
1.556860	0.0141915
1.555899	0.014182
1.554939	0.014172
1.553978	0.0141617
1.553018	0.014151
1.552057	0.0141398
1.551097	0.0141283
1.550136	0.0141164
1.549176	0.0141041
1.548215	0.0140914
1.547255	0.0140782
1.546294	0.0140646
1.545334	0.0140505
1.544373	0.014036
1.543413	0.014021
1.542452	0.0140056
1.541492	0.0139897
1.540531	0.0139734
1.539571	0.0139565
1.538610	0.0139392
1.537650	0.0139213
1.536689	0.013903
1.535728	0.0138841
1.534768	0.0138648
1.533807	0.0138449
1.532847	0.0138245
1.531886	0.0138035
1.530926	0.0137821
1.529965	0.01376
1.529005	0.0137374
1.528044	0.0137143
1.527084	0.0136906
1.526123	0.0136664
1.525163	0.0136415
1.524202	0.0136161
1.523242	0.0135901
1.522281	0.0135636
1.521321	0.0135364
1.520360	0.0135086
1.519400	0.0134803
1.518439	0.0134513
1.517479	0.0134218
1.516518	0.0133916
1.515558	0.0133608
1.514597	0.0133295
1.513637	0.0132974
1.512676	0.0132648
1.511715	0.0132316
1.510755	0.0131977
1.509794	0.0131632
1.508834	0.0131281
1.507873	0.0130924
1.506913	0.013056
1.505952	0.013019
1.504992	0.0129813
1.504031	0.0129431
1.503071	0.0129042
1.502110	0.0128647
1.501150	0.0128245
1.500189	0.0127837
1.499229	0.0127423
1.498268	0.0127003
1.497308	0.0126576
1.496347	0.0126143
1.495387	0.0125704
1.494426	0.0125259
1.493466	0.0124808
1.492505	0.012435
1.491545	0.0123887
1.490584	0.0123417
1.489624	0.0122942
1.488663	0.012246
1.487702	0.0121973
1.486742	0.012148
1.485781	0.012098
1.484821	0.0120476
1.483860	0.0119965
1.482900	0.0119449
1.481939	0.0118927
1.480979	0.01184
1.480018	0.0117867
1.479058	0.0117329
1.478097	0.0116786
1.477137	0.0116237
1.476176	0.0115683
1.475216	0.0115125
1.474255	0.0114561
1.473295	0.0113992
1.472334	0.0113419
1.471374	0.0112841
1.470413	0.0112258
1.469453	0.0111671
1.468492	0.0111079
1.467532	0.0110483
1.466571	0.0109883
1.465611	0.0109278
1.464650	0.010867
1.463690	0.0108058
1.462729	0.0107442
1.461768	0.0106822
1.460808	0.0106199
1.459847	0.0105572
1.458887	0.0104942
1.457926	0.0104309
1.456966	0.0103672
1.456005	0.0103033
1.455045	0.0102391
1.454084	0.0101746
1.453124	0.0101098
1.452163	0.0100448
1.451203	0.00997955
1.450242	0.00991408
1.449282	0.00984839
1.448321	0.0097825
1.447361	0.00971642
1.446400	0.00965017
1.445440	0.00958375
1.444479	0.00951718
1.443519	0.00945048
1.442558	0.00938365
1.441598	0.0093167
1.440637	0.00924966
1.439677	0.00918252
1.438716	0.00911531
1.437755	0.00904804
1.436795	0.00898072
1.435834	0.00891335
1.434874	0.00884596
1.433913	0.00877855
1.432953	0.00871114
1.431992	0.00864374
1.431032	0.00857636
1.430071	0.00850901
1.429111	0.0084417
1.428150	0.00837445
1.427190	0.00830727
1.426229	0.00824016
1.425269	0.00817314
1.424308	0.00810622
1.423348	0.0080394
1.422387	0.00797271
1.421427	0.00790615
1.420466	0.00783973
1.419506	0.00777346
1.418545	0.00770734
1.417585	0.0076414
1.416624	0.00757564
1.415664	0.00751007
1.414703	0.0074447
1.413742	0.00737953
1.412782	0.00731458
1.411821	0.00724985
1.410861	0.00718535
1.409900	0.0071211
1.408940	0.00705709
1.407979	0.00699334
1.407019	0.00692985
1.406058	0.00686664
1.405098	0.0068037
1.404137	0.00674105
1.403177	0.00667869
1.402216	0.00661663
1.401256	0.00655487
1.400295	0.00649342
1.399335	0.00643229
1.398374	0.00637149
1.397414	0.00631101
1.396453	0.00625086
1.395493	0.00619106
1.394532	0.00613159
1.393572	0.00607248
1.392611	0.00601372
1.391651	0.00595531
1.390690	0.00589727
1.389729	0.00583959
1.388769	0.00578228
1.387808	0.00572534
1.386848	0.00566878
1.385887	0.0056126
1.384927	0.0055568
1.383966	0.00550138
1.383006	0.00544635
1.382045	0.00539171
1.381085	0.00533747
1.380124	0.00528362
1.379164	0.00523016
1.378203	0.00517711
1.377243	0.00512445
1.376282	0.0050722
1.375322	0.00502035
1.374361	0.0049689
1.373401	0.00491786
1.372440	0.00486722
1.371480	0.00481699
1.370519	0.00476717
1.369559	0.00471776
1.368598	0.00466876
1.367638	0.00462017
1.366677	0.00457198
1.365716	0.00452421
1.364756	0.00447684
1.363795	0.00442988
1.362835	0.00438333
1.361874	0.00433719
1.360914	0.00429146
1.359953	0.00424613
1.358993	0.00420121
1.358032	0.0041567
1.357072	0.00411259
1.356111	0.00406889
1.355151	0.00402558
1.354190	0.00398268
1.353230	0.00394018
1.352269	0.00389807
1.351309	0.00385637
1.350348	0.00381506
1.349388	0.00377414
1.348427	0.00373362
1.347467	0.00369349
1.346506	0.00365374
1.345546	0.00361439
1.344585	0.00357541
1.343625	0.00353683
1.342664	0.00349862
1.341703	0.00346079
1.340743	0.00342335
1.339782	0.00338627
1.338822	0.00334957
1.337861	0.00331324
1.336901	0.00327728
1.335940	0.00324168
1.334980	0.00320645
1.334019	0.00317158
1.333059	0.00313707
1.332098	0.00310291
1.331138	0.00306911
1.330177	0.00303566
1.329217	0.00300256
1.328256	0.00296981
1.327296	0.0029374
1.326335	0.00290533
1.325375	0.0028736
1.324414	0.00284221
1.323454	0.00281115
1.322493	0.00278042
1.321533	0.00275002
1.320572	0.00271995
1.319612	0.0026902
1.318651	0.00266077
1.317690	0.00263165
1.316730	0.00260285
1.315769	0.00257437
1.314809	0.00254619
1.313848	0.00251832
1.312888	0.00249075
1.311927	0.00246349
1.310967	0.00243652
1.310006	0.00240985
1.309046	0.00238347
1.308085	0.00235738
1.307125	0.00233158
1.306164	0.00230607
1.305204	0.00228084
1.304243	0.00225588
1.303283	0.00223121
1.302322	0.00220681
1.301362	0.00218268
1.300401	0.00215881
1.299441	0.00213522
1.298480	0.00211189
1.297520	0.00208882
1.296559	0.00206601
1.295599	0.00204345
1.294638	0.00202115
1.293677	0.00199909
1.292717	0.00197729
1.291756	0.00195573
1.290796	0.00193441
1.289835	0.00191334
1.288875	0.0018925
1.287914	0.0018719
1.286954	0.00185153
1.285993	0.00183139
1.285033	0.00181148
1.284072	0.0017918
1.283112	0.00177234
1.282151	0.00175309
1.281191	0.00173407
1.280230	0.00171527
1.279270	0.00169667
1.278309	0.00167829
1.277349	0.00166012
1.276388	0.00164216
1.275428	0.0016244
1.274467	0.00160684
1.273507	0.00158948
1.272546	0.00157232
1.271586	0.00155536
1.270625	0.00153858
1.269665	0.001522
1.268704	0.00150561
1.267743	0.00148941
1.266783	0.00147339
1.265822	0.00145756
1.264862	0.0014419
1.263901	0.00142643
1.262941	0.00141113
1.261980	0.001396
1.261020	0.00138105
1.260059	0.00136627
1.259099	0.00135166
1.258138	0.00133721
1.257178	0.00132293
1.256217	0.00130881
1.255257	0.00129486
1.254296	0.00128106
1.253336	0.00126742
1.252375	0.00125394
1.251415	0.00124061
1.250454	0.00122743
1.249494	0.00121441
1.248533	0.00120153
1.247573	0.0011888
1.246612	0.00117621
1.245652	0.00116377
1.244691	0.00115147
1.243730	0.0011393
1.242770	0.00112728
1.241809	0.0011154
1.240849	0.00110365
1.239888	0.00109203
1.238928	0.00108055
1.237967	0.00106919
1.237007	0.00105797
1.236046	0.00104687
1.235086	0.0010359
1.234125	0.00102505
1.233165	0.00101433
1.232204	0.00100373
1.231244	0.000993244
1.230283	0.000982881
1.229323	0.000972636
1.228362	0.000962506
1.227402	0.000952491
1.226441	0.000942589
1.225481	0.000932799
1.224520	0.00092312
1.223560	0.00091355
1.222599	0.000904088
1.221639	0.000894732
1.220678	0.000885482
1.219717	0.000876337
1.218757	0.000867294
1.217796	0.000858353
1.216836	0.000849512
1.215875	0.000840771
1.214915	0.000832128
1.213954	0.000823582
1.212994	0.000815132
1.212033	0.000806777
1.211073	0.000798515
1.210112	0.000790345
1.209152	0.000782267
1.208191	0.00077428
1.207231	0.000766381
1.206270	0.000758571
1.205310	0.000750847
1.204349	0.00074321
1.203389	0.000735658
1.202428	0.00072819
1.201468	0.000720805
1.200507	0.000713502
1.199547	0.00070628
1.198586	0.000699139
1.197626	0.000692076
1.196665	0.000685092
1.195704	0.000678185
1.194744	0.000671354
1.193783	0.000664599
1.192823	0.000657919
1.191862	0.000651312
1.190902	0.000644778
1.189941	0.000638316
1.188981	0.000631925
1.188020	0.000625605
1.187060	0.000619354
1.186099	0.000613172
1.185139	0.000607057
1.184178	0.000601009
1.183218	0.000595028
1.182257	0.000589112
1.181297	0.000583261
1.180336	0.000577474
1.179376	0.00057175
1.178415	0.000566089
1.177455	0.000560489
1.176494	0.00055495
1.175534	0.000549471
1.174573	0.000544052
1.173613	0.000538692
1.172652	0.00053339
1.171691	0.000528145
1.170731	0.000522957
1.169770	0.000517826
1.168810	0.00051275
1.167849	0.000507728
1.166889	0.000502761
1.165928	0.000497847
1.164968	0.000492987
1.164007	0.000488178
1.163047	0.000483422
1.162086	0.000478716
1.161126	0.000474061
1.160165	0.000469456
1.159205	0.0004649
1.158244	0.000460393
1.157284	0.000455934
1.156323	0.000451523
1.155363	0.000447159
1.154402	0.000442841
1.153442	0.00043857
1.152481	0.000434343
1.151521	0.000430162
1.150560	0.000426025
1.149600	0.000421932
1.148639	0.000417883
1.147678	0.000413876
1.146718	0.000409912
1.145757	0.00040599
1.144797	0.000402109
1.143836	0.000398269
1.142876	0.00039447
1.141915	0.00039071
1.140955	0.00038699
1.139994	0.00038331
1.139034	0.000379668
1.138073	0.000376064
1.137113	0.000372498
1.136152	0.000368969
1.135192	0.000365477
1.134231	0.000362022
1.133271	0.000358602
1.132310	0.000355219
1.131350	0.00035187
1.130389	0.000348557
1.129429	0.000345278
1.128468	0.000342033
1.127508	0.000338822
1.126547	0.000335644
1.125587	0.000332499
1.124626	0.000329386
1.123665	0.000326306
1.122705	0.000323257
1.121744	0.00032024
1.120784	0.000317254
1.119823	0.000314299
1.118863	0.000311375
1.117902	0.00030848
1.116942	0.000305615
1.115981	0.000302779
1.115021	0.000299973
1.114060	0.000297195
1.113100	0.000294446
1.112139	0.000291724
1.111179	0.000289031
1.110218	0.000286365
1.109258	0.000283726
1.108297	0.000281114
1.107337	0.000278528
1.106376	0.000275969
1.105416	0.000273436
1.104455	0.000270929
1.103495	0.000268446
1.102534	0.000265989
1.101574	0.000263557
1.100613	0.00026115
1.099652	0.000258766
1.098692	0.000256407
1.097731	0.000254071
1.096771	0.000251759
1.095810	0.000249471
1.094850	0.000247205
1.093889	0.000244962
1.092929	0.000242741
1.091968	0.000240543
1.091008	0.000238366
1.090047	0.000236212
1.089087	0.000234078
1.088126	0.000231966
1.087166	0.000229876
1.086205	0.000227806
1.085245	0.000225756
1.084284	0.000223727
1.083324	0.000221718
1.082363	0.000219729
1.081403	0.000217759
1.080442	0.00021581
1.079482	0.000213879
1.078521	0.000211967
1.077561	0.000210075
1.076600	0.000208201
1.075640	0.000206345
1.074679	0.000204508
1.073718	0.000202688
1.072758	0.000200887
1.071797	0.000199103
1.070837	0.000197337
1.069876	0.000195588
1.068916	0.000193856
1.067955	0.000192141
1.066995	0.000190442
1.066034	0.000188761
1.065074	0.000187095
1.064113	0.000185446
1.063153	0.000183813
1.062192	0.000182196
1.061232	0.000180594
1.060271	0.000179008
1.059311	0.000177438
1.058350	0.000175882
1.057390	0.000174342
1.056429	0.000172816
1.055469	0.000171305
1.054508	0.000169809
1.053548	0.000168327
1.052587	0.000166859
1.051627	0.000165406
1.050666	0.000163966
1.049705	0.00016254
1.048745	0.000161128
1.047784	0.00015973
1.046824	0.000158345
1.045863	0.000156973
1.044903	0.000155614
1.043942	0.000154268
1.042982	0.000152935
1.042021	0.000151614
1.041061	0.000150306
1.040100	0.000149011
1.039140	0.000147728
1.038179	0.000146457
1.037219	0.000145198
1.036258	0.000143951
1.035298	0.000142715
1.034337	0.000141492
1.033377	0.00014028
1.032416	0.000139079
1.031456	0.00013789
1.030495	0.000136712
1.029535	0.000135545
1.028574	0.000134389
1.027614	0.000133244
1.026653	0.000132109
1.025692	0.000130985
1.024732	0.000129872
1.023771	0.000128769
1.022811	0.000127676
1.021850	0.000126594
1.020890	0.000125522
1.019929	0.000124459
1.018969	0.000123407
1.018008	0.000122364
1.017048	0.000121331
1.016087	0.000120308
1.015127	0.000119294
1.014166	0.000118289
1.013206	0.000117294
1.012245	0.000116308
1.011285	0.000115331
1.010324	0.000114363
1.009364	0.000113404
1.008403	0.000112454
1.007443	0.000111513
1.006482	0.00011058
1.005522	0.000109656
1.004561	0.00010874
1.003601	0.000107833
1.002640	0.000106934
1.001679	0.000106043
1.000719	0.000105161
0.999758	0.000104286
0.998798	0.00010342
0.997837	0.000102561
0.996877	0.00010171
0.995916	0.000100867
0.994956	0.000100032
0.993995	9.92038e-05
0.993035	9.83835e-05
0.992074	9.75707e-05
0.991114	9.67652e-05
0.990153	9.5967e-05
0.989193	9.5176e-05
0.988232	9.43922e-05
0.987272	9.36154e-05
0.986311	9.28457e-05
0.985351	9.20829e-05
0.984390	9.1327e-05
0.983430	9.05779e-05
0.982469	8.98355e-05
0.981509	8.90998e-05
0.980548	8.83706e-05
0.979588	8.76481e-05
0.978627	8.6932e-05
0.977666	8.62223e-05
0.976706	8.5519e-05
0.975745	8.48219e-05
0.974785	8.41311e-05
0.973824	8.34464e-05
0.972864	8.27678e-05
0.971903	8.20953e-05
0.970943	8.14288e-05
0.969982	8.07682e-05
0.969022	8.01134e-05
0.968061	7.94645e-05
0.967101	7.88213e-05
0.966140	7.81838e-05
0.965180	7.7552e-05
0.964219	7.69257e-05
0.963259	7.6305e-05
0.962298	7.56898e-05
0.961338	7.508e-05
0.960377	7.44756e-05
0.959417	7.38764e-05
0.958456	7.32826e-05
0.957496	7.2694e-05
0.956535	7.21105e-05
0.955575	7.15322e-05
0.954614	7.0959e-05
0.953653	7.03907e-05
0.952693	6.98275e-05
0.951732	6.92691e-05
0.950772	6.87157e-05
0.949811	6.81671e-05
0.948851	6.76232e-05
0.947890	6.70842e-05
0.946930	6.65498e-05
0.945969	6.602e-05
0.945009	6.54949e-05
0.944048	6.49743e-05
0.943088	6.44582e-05
0.942127	6.39467e-05
0.941167	6.34395e-05
0.940206	6.29368e-05
0.939246	6.24384e-05
0.938285	6.19443e-05
0.937325	6.14545e-05
0.936364	6.09689e-05
0.935404	6.04874e-05
0.934443	6.00102e-05
0.933483	5.9537e-05
0.932522	5.90679e-05
0.931562	5.86029e-05
0.930601	5.81418e-05
0.929640	5.76847e-05
0.928680	5.72316e-05
0.927719	5.67823e-05
0.926759	5.63368e-05
0.925798	5.58952e-05
0.924838	5.54573e-05
0.923877	5.50232e-05
0.922917	5.45928e-05
0.921956	5.4166e-05
0.920996	5.37429e-05
0.920035	5.33234e-05
0.919075	5.29075e-05
0.918114	5.2495e-05
0.917154	5.20861e-05
0.916193	5.16807e-05
0.915233	5.12787e-05
0.914272	5.08801e-05
0.913312	5.04849e-05
0.912351	5.0093e-05
0.911391	4.97045e-05
0.910430	4.93192e-05
0.909470	4.89371e-05
0.908509	4.85583e-05
0.907549	4.81827e-05
0.906588	4.78103e-05
0.905627	4.74409e-05
0.904667	4.70747e-05
0.903706	4.67116e-05
0.902746	4.63515e-05
0.901785	4.59944e-05
0.900825	4.56403e-05
0.899864	4.52892e-05
0.898904	4.4941e-05
0.897943	4.45958e-05
0.896983	4.42534e-05
0.896022	4.39138e-05
0.895062	4.35771e-05
0.894101	4.32433e-05
0.893141	4.29121e-05
0.892180	4.25838e-05
0.891220	4.22582e-05
0.890259	4.19353e-05
0.889299	4.1615e-05
0.888338	4.12974e-05
0.887378	4.09825e-05
0.886417	4.06701e-05
0.885457	4.03604e-05
0.884496	4.00532e-05
0.883536	3.97485e-05
0.882575	3.94464e-05
0.881614	3.91468e-05
0.880654	3.88496e-05
0.879693	3.85549e-05
0.878733	3.82626e-05
0.877772	3.79727e-05
0.876812	3.76852e-05
0.875851	3.74e-05
0.874891	3.71172e-05
0.873930	3.68367e-05
0.872970	3.65585e-05
0.872009	3.62826e-05
0.871049	3.6009e-05
0.870088	3.57376e-05
0.869128	3.54684e-05
0.868167	3.52014e-05
0.867207	3.49365e-05
0.866246	3.46739e-05
0.865286	3.44134e-05
0.864325	3.4155e-05
0.863365	3.38987e-05
0.862404	3.36445e-05
0.861444	3.33923e-05
0.860483	3.31422e-05
0.859523	3.28941e-05
0.858562	3.26481e-05
0.857602	3.2404e-05
0.856641	3.21619e-05
0.855680	3.19218e-05
0.854720	3.16836e-05
0.853759	3.14473e-05
0.852799	3.1213e-05
0.851838	3.09805e-05
0.850878	3.07499e-05
0.849917	3.05212e-05
0.848957	3.02943e-05
0.847996	3.00692e-05
0.847036	2.98459e-05
0.846075	2.96245e-05
0.845115	2.94048e-05
0.844154	2.91868e-05
0.843194	2.89707e-05
0.842233	2.87562e-05
0.841273	2.85435e-05
0.840312	2.83324e-05
0.839352	2.81231e-05
0.838391	2.79154e-05
0.837431	2.77094e-05
0.836470	2.7505e-05
0.835510	2.73023e-05
0.834549	2.71011e-05
0.833589	2.69016e-05
0.832628	2.67037e-05
0.831667	2.65073e-05
0.830707	2.63125e-05
0.829746	2.61192e-05
0.828786	2.59275e-05
0.827825	2.57372e-05
0.826865	2.55485e-05
0.825904	2.53613e-05
0.824944	2.51756e-05
0.823983	2.49913e-05
0.823023	2.48085e-05
0.822062	2.46271e-05
0.821102	2.44472e-05
0.820141	2.42687e-05
0.819181	2.40916e-05
0.818220	2.39158e-05
0.817260	2.37415e-05
0.816299	2.35685e-05
0.815339	2.33969e-05
0.814378	2.32267e-05
0.813418	2.30577e-05
0.812457	2.28901e-05
0.811497	2.27238e-05
0.810536	2.25589e-05
0.809576	2.23952e-05
0.808615	2.22327e-05
0.807654	2.20716e-05
0.806694	2.19117e-05
0.805733	2.17531e-05
0.804773	2.15957e-05
0.803812	2.14395e-05
0.802852	2.12845e-05
0.801891	2.11308e-05
0.800931	2.09782e-05
0.799970	2.08268e-05
0.799010	2.06766e-05
0.798049	2.05276e-05
0.797089	2.03797e-05
0.796128	2.0233e-05
0.795168	2.00874e-05
0.794207	1.99429e-05
0.793247	1.97996e-05
0.792286	1.96573e-05
0.791326	1.95162e-05
0.790365	1.93761e-05
0.789405	1.92372e-05
0.788444	1.90993e-05
0.787484	1.89624e-05
0.786523	1.88266e-05
0.785563	1.86919e-05
0.784602	1.85582e-05
0.783641	1.84255e-05
0.782681	1.82939e-05
0.781720	1.81632e-05
0.780760	1.80336e-05
0.779799	1.79049e-05
0.778839	1.77773e-05
0.777878	1.76506e-05
0.776918	1.75248e-05
0.775957	1.74001e-05
0.774997	1.72763e-05
0.774036	1.71534e-05
0.773076	1.70315e-05
0.772115	1.69105e-05
0.771155	1.67905e-05
0.770194	1.66713e-05
0.769234	1.65531e-05
0.768273	1.64357e-05
0.767313	1.63193e-05
0.766352	1.62037e-05
0.765392	1.6089e-05
0.764431	1.59752e-05
0.763471	1.58622e-05
0.762510	1.57501e-05
0.761550	1.56389e-05
0.760589	1.55285e-05
0.759628	1.54189e-05
0.758668	1.53101e-05
0.757707	1.52022e-05
0.756747	1.50951e-05
0.755786	1.49888e-05
0.754826	1.48833e-05
0.753865	1.47786e-05
0.752905	1.46747e-05
0.751944	1.45716e-05
0.750984	1.44692e-05
0.750023	1.43676e-05
0.749063	1.42668e-05
0.748102	1.41667e-05
0.747142	1.40674e-05
0.746181	1.39688e-05
0.745221	1.3871e-05
0.744260	1.37739e-05
0.743300	1.36775e-05
0.742339	1.35819e-05
0.741379	1.3487e-05
0.740418	1.33927e-05
0.739458	1.32992e-05
0.738497	1.32064e-05
0.737537	1.31143e-05
0.736576	1.30228e-05
0.735615	1.29321e-05
0.734655	1.2842e-05
0.733694	1.27526e-05
0.732734	1.26638e-05
0.731773	1.25757e-05
0.730813	1.24883e-05
0.729852	1.24015e-05
0.728892	1.23154e-05
0.727931	1.22299e-05
0.726971	1.2145e-05
0.726010	1.20608e-05
0.725050	1.19771e-05
0.724089	1.18941e-05
0.723129	1.18118e-05
0.722168	1.173e-05
0.721208	1.16488e-05
0.720247	1.15682e-05
0.719287	1.14883e-05
0.718326	1.14089e-05
0.717366	1.13301e-05
0.716405	1.12519e-05
0.715445	1.11742e-05
0.714484	1.10971e-05
0.713524	1.10206e-05
0.712563	1.09447e-05
0.711602	1.08693e-05
0.710642	1.07945e-05
0.709681	1.07202e-05
0.708721	1.06464e-05
0.707760	1.05732e-05
0.706800	1.05006e-05
0.705839	1.04285e-05
0.704879	1.03568e-05
0.703918	1.02858e-05
0.702958	1.02152e-05
0.701997	1.01452e-05
0.701037	1.00756e-05
0.700076	1.00066e-05
0.699116	9.93808e-06
0.698155	9.87006e-06
0.697195	9.80253e-06
0.696234	9.73549e-06
0.695274	9.66895e-06
0.694313	9.60288e-06
0.693353	9.5373e-06
0.692392	9.47219e-06
0.691432	9.40755e-06
0.690471	9.34339e-06
0.689511	9.27968e-06
0.688550	9.21644e-06
0.687589	9.15366e-06
0.686629	9.09134e-06
0.685668	9.02946e-06
0.684708	8.96803e-06
0.683747	8.90705e-06
0.682787	8.8465e-06
0.681826	8.7864e-06
0.680866	8.72672e-06
0.679905	8.66748e-06
0.678945	8.60867e-06
0.677984	8.55027e-06
0.677024	8.4923e-06
0.676063	8.43475e-06
0.675103	8.37761e-06
0.674142	8.32088e-06
0.673182	8.26456e-06
0.672221	8.20864e-06
0.671261	8.15312e-06
0.670300	8.09801e-06
0.669340	8.04328e-06
0.668379	7.98895e-06
0.667419	7.93501e-06
0.666458	7.88146e-06
0.665498	7.82828e-06
0.664537	7.77549e-06
0.663577	7.72308e-06
0.662616	7.67104e-06
0.661655	7.61937e-06
0.660695	7.56807e-06
0.659734	7.51714e-06
0.658774	7.46657e-06
0.657813	7.41636e-06
0.656853	7.3665e-06
0.655892	7.31701e-06
0.654932	7.26786e-06
0.653971	7.21906e-06
0.653011	7.17061e-06
0.652050	7.12251e-06
0.651090	7.07475e-06
0.650129	7.02732e-06
0.649169	6.98023e-06
0.648208	6.93348e-06
0.647248	6.88705e-06
0.646287	6.84096e-06
0.645327	6.79519e-06
0.644366	6.74975e-06
0.643406	6.70462e-06
0.642445	6.65982e-06
0.641485	6.61533e-06
0.640524	6.57115e-06
0.639564	6.52729e-06
0.638603	6.48374e-06
0.637642	6.44049e-06
0.636682	6.39755e-06
0.635721	6.35491e-06
0.634761	6.31257e-06
0.633800	6.27053e-06
0.632840	6.22879e-06
0.631879	6.18734e-06
0.630919	6.14618e-06
0.629958	6.1053e-06
0.628998	6.06472e-06
0.628037	6.02442e-06
0.627077	5.9844e-06
0.626116	5.94466e-06
0.625156	5.9052e-06
0.624195	5.86602e-06
0.623235	5.82711e-06
0.622274	5.78848e-06
0.621314	5.75011e-06
0.620353	5.71201e-06
0.619393	5.67418e-06
0.618432	5.63661e-06
0.617472	5.5993e-06
0.616511	5.56226e-06
0.615551	5.52547e-06
0.614590	5.48894e-06
0.613629	5.45266e-06
0.612669	5.41664e-06
0.611708	5.38086e-06
0.610748	5.34534e-06
0.609787	5.31006e-06
0.608827	5.27503e-06
0.607866	5.24024e-06
0.606906	5.20569e-06
0.605945	5.17138e-06
0.604985	5.13731e-06
0.604024	5.10347e-06
0.603064	5.06987e-06
0.602103	5.0365e-06
0.601143	5.00336e-06
0.600182	4.97046e-06
0.599222	4.93778e-06
0.598261	4.90532e-06
0.597301	4.87309e-06
0.596340	4.84108e-06
0.595380	4.8093e-06
0.594419	4.77773e-06
0.593459	4.74638e-06
0.592498	4.71524e-06
0.591538	4.68432e-06
0.590577	4.65362e-06
0.589616	4.62312e-06
0.588656	4.59283e-06
0.587695	4.56276e-06
0.586735	4.53289e-06
0.585774	4.50322e-06
0.584814	4.47376e-06
0.583853	4.4445e-06
0.582893	4.41544e-06
0.581932	4.38658e-06
0.580972	4.35792e-06
0.580011	4.32945e-06
0.579051	4.30118e-06
0.578090	4.2731e-06
0.577130	4.24522e-06
0.576169	4.21752e-06
0.575209	4.19002e-06
0.574248	4.1627e-06
0.573288	4.13557e-06
0.572327	4.10862e-06
0.571367	4.08186e-06
0.570406	4.05528e-06
0.569446	4.02888e-06
0.568485	4.00266e-06
0.567525	3.97662e-06
0.566564	3.95076e-06
0.565603	3.92507e-06
0.564643	3.89956e-06
0.563682	3.87422e-06
0.562722	3.84906e-06
0.561761	3.82406e-06
0.560801	3.79923e-06
0.559840	3.77458e-06
0.558880	3.75009e-06
0.557919	3.72576e-06
0.556959	3.7016e-06
0.555998	3.67761e-06
0.555038	3.65377e-06
0.554077	3.6301e-06
0.553117	3.60659e-06
0.552156	3.58324e-06
0.551196	3.56004e-06
0.550235	3.53701e-06
0.549275	3.51412e-06
0.548314	3.49139e-06
0.547354	3.46882e-06
0.546393	3.4464e-06
0.545433	3.42413e-06
0.544472	3.40201e-06
0.543512	3.38003e-06
0.542551	3.35821e-06
0.541590	3.33653e-06
0.540630	3.315e-06
0.539669	3.29361e-06
0.538709	3.27237e-06
0.537748	3.25127e-06
0.536788	3.23031e-06
0.535827	3.20949e-06
0.534867	3.18882e-06
0.533906	3.16828e-06
0.532946	3.14787e-06
0.531985	3.12761e-06
0.531025	3.10748e-06
0.530064	3.08749e-06
0.529104	3.06763e-06
0.528143	3.0479e-06
0.527183	3.0283e-06
0.526222	3.00884e-06
0.525262	2.9895e-06
0.524301	2.9703e-06
0.523341	2.95122e-06
0.522380	2.93227e-06
0.521420	2.91345e-06
0.520459	2.89475e-06
0.519499	2.87618e-06
0.518538	2.85773e-06
0.517577	2.8394e-06
0.516617	2.8212e-06
0.515656	2.80311e-06
0.514696	2.78515e-06
0.513735	2.76731e-06
0.512775	2.74958e-06
0.511814	2.73197e-06
0.510854	2.71448e-06
0.509893	2.69711e-06
0.508933	2.67985e-06
0.507972	2.66271e-06
0.507012	2.64567e-06
0.506051	2.62876e-06
0.505091	2.61195e-06
0.504130	2.59526e-06
0.503170	2.57867e-06
0.502209	2.5622e-06
0.501249	2.54583e-06
0.500288	2.52958e-06
0.499328	2.51343e-06
0.498367	2.49738e-06
0.497407	2.48145e-06
0.496446	2.46562e-06
0.495486	2.44989e-06
0.494525	2.43427e-06
0.493564	2.41875e-06
0.492604	2.40333e-06
0.491643	2.38801e-06
0.490683	2.3728e-06
0.489722	2.35768e-06
0.488762	2.34267e-06
0.487801	2.32775e-06
0.486841	2.31293e-06
0.485880	2.29821e-06
0.484920	2.28358e-06
0.483959	2.26906e-06
0.482999	2.25462e-06
0.482038	2.24028e-06
0.481078	2.22604e-06
0.480117	2.21189e-06
0.479157	2.19783e-06
0.478196	2.18386e-06
0.477236	2.16999e-06
0.476275	2.15621e-06
0.475315	2.14251e-06
0.474354	2.12891e-06
0.473394	2.11539e-06
0.472433	2.10197e-06
0.471473	2.08863e-06
0.470512	2.07538e-06
0.469552	2.06221e-06
0.468591	2.04913e-06
0.467630	2.03614e-06
0.466670	2.02323e-06
0.465709	2.01041e-06
0.464749	1.99767e-06
0.463788	1.98501e-06
0.462828	1.97243e-06
0.461867	1.95994e-06
0.460907	1.94753e-06
0.459946	1.9352e-06
0.458986	1.92295e-06
0.458025	1.91077e-06
0.457065	1.89868e-06
0.456104	1.88667e-06
0.455144	1.87473e-06
0.454183	1.86288e-06
0.453223	1.85109e-06
0.452262	1.83939e-06
0.451302	1.82776e-06
0.450341	1.81621e-06
0.449381	1.80473e-06
0.448420	1.79332e-06
0.447460	1.78199e-06
0.446499	1.77074e-06
0.445539	1.75955e-06
0.444578	1.74844e-06
0.443617	1.7374e-06
0.442657	1.72643e-06
0.441696	1.71554e-06
0.440736	1.70471e-06
0.439775	1.69395e-06
0.438815	1.68326e-06
0.437854	1.67265e-06
0.436894	1.6621e-06
0.435933	1.65161e-06
0.434973	1.6412e-06
0.434012	1.63085e-06
0.433052	1.62057e-06
0.432091	1.61036e-06
0.431131	1.60021e-06
0.430170	1.59013e-06
0.429210	1.58011e-06
0.428249	1.57015e-06
0.427289	1.56026e-06
0.426328	1.55044e-06
0.425368	1.54067e-06
0.424407	1.53097e-06
0.423447	1.52133e-06
0.422486	1.51176e-06
0.421526	1.50224e-06
0.420565	1.49279e-06
0.419604	1.4834e-06
0.418644	1.47406e-06
0.417683	1.46479e-06
0.416723	1.45558e-06
0.415762	1.44642e-06
0.414802	1.43732e-06
0.413841	1.42829e-06
0.412881	1.41931e-06
0.411920	1.41038e-06
0.410960	1.40152e-06
0.409999	1.39271e-06
0.409039	1.38396e-06
0.408078	1.37526e-06
0.407118	1.36662e-06
0.406157	1.35803e-06
0.405197	1.3495e-06
0.404236	1.34102e-06
0.403276	1.3326e-06
0.402315	1.32423e-06
0.401355	1.31591e-06
0.400394	1.30765e-06
0.399434	1.29944e-06
0.398473	1.29128e-06
0.397513	1.28318e-06
0.396552	1.27512e-06
0.395591	1.26712e-06
0.394631	1.25917e-06
0.393670	1.25126e-06
0.392710	1.24341e-06
0.391749	1.23561e-06
0.390789	1.22786e-06
0.389828	1.22016e-06
0.388868	1.2125e-06
0.387907	1.2049e-06
0.386947	1.19734e-06
0.385986	1.18983e-06
0.385026	1.18237e-06
0.384065	1.17495e-06
0.383105	1.16758e-06
0.382144	1.16026e-06
0.381184	1.15299e-06
0.380223	1.14576e-06
0.379263	1.13858e-06
0.378302	1.13144e-06
0.377342	1.12435e-06
0.376381	1.1173e-06
0.375421	1.1103e-06
0.374460	1.10334e-06
0.373500	1.09642e-06
0.372539	1.08955e-06
0.371578	1.08272e-06
0.370618	1.07594e-06
0.369657	1.0692e-06
0.368697	1.0625e-06
0.367736	1.05584e-06
0.366776	1.04922e-06
0.365815	1.04265e-06
0.364855	1.03612e-06
0.363894	1.02963e-06
0.362934	1.02318e-06
0.361973	1.01677e-06
0.361013	1.0104e-06
0.360052	1.00407e-06
0.359092	9.97778e-07
0.358131	9.91528e-07
0.357171	9.85317e-07
0.356210	9.79145e-07
0.355250	9.73012e-07
0.354289	9.66917e-07
0.353329	9.6086e-07
0.352368	9.54842e-07
0.351408	9.48861e-07
0.350447	9.42918e-07
0.349487	9.37012e-07
0.348526	9.31143e-07
0.347565	9.2531e-07
0.346605	9.19515e-07
0.345644	9.13755e-07
0.344684	9.08032e-07
0.343723	9.02344e-07
0.342763	8.96692e-07
0.341802	8.91075e-07
0.340842	8.85493e-07
0.339881	8.79946e-07
0.338921	8.74434e-07
0.337960	8.68956e-07
0.337000	8.63513e-07
0.336039	8.58103e-07
0.335079	8.52727e-07
0.334118	8.47385e-07
0.333158	8.42076e-07
0.332197	8.368e-07
0.331237	8.31557e-07
0.330276	8.26346e-07
0.329316	8.21168e-07
0.328355	8.16023e-07
0.327395	8.10909e-07
0.326434	8.05827e-07
0.325474	8.00777e-07
0.324513	7.95758e-07
0.323552	7.9077e-07
0.322592	7.85814e-07
0.321631	7.80888e-07
0.320671	7.75992e-07
0.319710	7.71127e-07
0.318750	7.66293e-07
0.317789	7.61488e-07
0.316829	7.56713e-07
0.315868	7.51968e-07
0.314908	7.47252e-07
0.313947	7.42565e-07
0.312987	7.37908e-07
0.312026	7.33279e-07
0.311066	7.28679e-07
0.310105	7.24107e-07
0.309145	7.19564e-07
0.308184	7.15049e-07
0.307224	7.10562e-07
0.306263	7.06102e-07
0.305303	7.0167e-07
0.304342	6.97266e-07
0.303382	6.92889e-07
0.302421	6.88538e-07
0.301461	6.84215e-07
0.300500	6.79918e-07
0.299539	6.75648e-07
0.298579	6.71404e-07
0.297618	6.67187e-07
0.296658	6.62995e-07
0.295697	6.5883e-07
0.294737	6.54689e-07
0.293776	6.50575e-07
0.292816	6.46486e-07
0.291855	6.42422e-07
0.290895	6.38383e-07
0.289934	6.34369e-07
0.288974	6.30379e-07
0.288013	6.26414e-07
0.287053	6.22474e-07
0.286092	6.18558e-07
0.285132	6.14665e-07
0.284171	6.10797e-07
0.283211	6.06953e-07
0.282250	6.03132e-07
0.281290	5.99334e-07
0.280329	5.9556e-07
0.279369	5.91809e-07
0.278408	5.88081e-07
0.277448	5.84376e-07
0.276487	5.80694e-07
0.275527	5.77034e-07
0.274566	5.73397e-07
0.273605	5.69782e-07
0.272645	5.66189e-07
0.271684	5.62618e-07
0.270724	5.59069e-07
0.269763	5.55542e-07
0.268803	5.52036e-07
0.267842	5.48552e-07
0.266882	5.45089e-07
0.265921	5.41647e-07
0.264961	5.38227e-07
0.264000	5.34827e-07
0.263040	5.31448e-07
0.262079	5.28089e-07
0.261119	5.24752e-07
0.260158	5.21434e-07
0.259198	5.18137e-07
0.258237	5.1486e-07
0.257277	5.11603e-07
0.256316	5.08365e-07
0.255356	5.05148e-07
0.254395	5.0195e-07
0.253435	4.98771e-07
0.252474	4.95612e-07
0.251514	4.92473e-07
0.250553	4.89352e-07
0.249592	4.8625e-07
0.248632	4.83167e-07
0.247671	4.80103e-07
0.246711	4.77058e-07
0.245750	4.74031e-07
0.244790	4.71022e-07
0.243829	4.68032e-07
0.242869	4.6506e-07
0.241908	4.62106e-07
0.240948	4.5917e-07
0.239987	4.56252e-07
0.239027	4.53351e-07
0.238066	4.50468e-07
0.237106	4.47603e-07
0.236145	4.44755e-07
0.235185	4.41924e-07
0.234224	4.3911e-07
0.233264	4.36314e-07
0.232303	4.33534e-07
0.231343	4.30771e-07
0.230382	4.28025e-07
0.229422	4.25296e-07
0.228461	4.22583e-07
0.227501	4.19886e-07
0.226540	4.17206e-07
0.225579	4.14542e-07
0.224619	4.11894e-07
0.223658	4.09262e-07
0.222698	4.06646e-07
0.221737	4.04046e-07
0.220777	4.01462e-07
0.219816	3.98893e-07
0.218856	3.9634e-07
0.217895	3.93802e-07
0.216935	3.91279e-07
0.215974	3.88772e-07
0.215014	3.86279e-07
0.214053	3.83802e-07
0.213093	3.8134e-07
0.212132	3.78892e-07
0.211172	3.76459e-07
0.210211	3.74041e-07
0.209251	3.71638e-07
0.208290	3.69249e-07
0.207330	3.66874e-07
0.206369	3.64513e-07
0.205409	3.62167e-07
0.204448	3.59835e-07
0.203488	3.57517e-07
0.202527	3.55213e-07
0.201566	3.52922e-07
0.200606	3.50646e-07
0.199645	3.48383e-07
0.198685	3.46133e-07
0.197724	3.43898e-07
0.196764	3.41675e-07
0.195803	3.39466e-07
0.194843	3.3727e-07
0.193882	3.35087e-07
0.192922	3.32918e-07
0.191961	3.30761e-07
0.191001	3.28617e-07
0.190040	3.26487e-07
0.189080	3.24368e-07
0.188119	3.22263e-07
0.187159	3.2017e-07
0.186198	3.1809e-07
0.185238	3.16022e-07
0.184277	3.13966e-07
0.183317	3.11923e-07
0.182356	3.09892e-07
0.181396	3.07873e-07
0.180435	3.05866e-07
0.179475	3.03871e-07
0.178514	3.01888e-07
0.177553	2.99917e-07
0.176593	2.97957e-07
0.175632	2.9601e-07
0.174672	2.94074e-07
0.173711	2.92149e-07
0.172751	2.90236e-07
0.171790	2.88334e-07
0.170830	2.86444e-07
0.169869	2.84564e-07
0.168909	2.82696e-07
0.167948	2.80839e-07
0.166988	2.78994e-07
0.166027	2.77159e-07
0.165067	2.75335e-07
0.164106	2.73521e-07
0.163146	2.71719e-07
0.162185	2.69927e-07
0.161225	2.68146e-07
0.160264	2.66376e-07
0.159304	2.64616e-07
0.158343	2.62866e-07
0.157383	2.61127e-07
0.156422	2.59398e-07
0.155462	2.57679e-07
0.154501	2.55971e-07
0.153540	2.54272e-07
0.152580	2.52584e-07
0.151619	2.50906e-07
0.150659	2.49237e-07
0.149698	2.47578e-07
0.148738	2.4593e-07
0.147777	2.44291e-07
0.146817	2.42661e-07
0.145856	2.41041e-07
0.144896	2.39431e-07
0.143935	2.37831e-07
0.142975	2.36239e-07
0.142014	2.34657e-07
0.141054	2.33085e-07
0.140093	2.31521e-07
0.139133	2.29967e-07
0.138172	2.28422e-07
0.137212	2.26886e-07
0.136251	2.25359e-07
0.135291	2.23842e-07
0.134330	2.22333e-07
0.133370	2.20832e-07
0.132409	2.19341e-07
0.131449	2.17859e-07
0.130488	2.16385e-07
0.129527	2.14919e-07
0.128567	2.13463e-07
0.127606	2.12015e-07
0.126646	2.10575e-07
0.125685	2.09144e-07
0.124725	2.07721e-07
0.123764	2.06306e-07
0.122804	2.049e-07
0.121843	2.03502e-07
0.120883	2.02112e-07
0.119922	2.00731e-07
0.118962	1.99357e-07
0.118001	1.97991e-07
0.117041	1.96634e-07
0.116080	1.95284e-07
0.115120	1.93942e-07
0.114159	1.92608e-07
0.113199	1.91281e-07
0.112238	1.89963e-07
0.111278	1.88652e-07
0.110317	1.87348e-07
0.109357	1.86052e-07
0.108396	1.84764e-07
0.107436	1.83483e-07
0.106475	1.8221e-07
0.105514	1.80944e-07
0.104554	1.79685e-07
0.103593	1.78434e-07
0.102633	1.7719e-07
0.101672	1.75953e-07
0.100712	1.74723e-07
0.099751	1.735e-07
0.098791	1.72285e-07
0.097830	1.71076e-07
0.096870	1.69875e-07
0.095909	1.6868e-07
0.094949	1.67492e-07
0.093988	1.66311e-07
0.093028	1.65137e-07
0.092067	1.63969e-07
0.091107	1.62809e-07
0.090146	1.61654e-07
0.089186	1.60507e-07
0.088225	1.59366e-07
0.087265	1.58232e-07
0.086304	1.57104e-07
